{
 "cells": [
  {
   "cell_type": "code",
   "execution_count": 9,
   "id": "066cf996",
   "metadata": {},
   "outputs": [
    {
     "data": {
      "text/html": [
       "<div>\n",
       "<style scoped>\n",
       "    .dataframe tbody tr th:only-of-type {\n",
       "        vertical-align: middle;\n",
       "    }\n",
       "\n",
       "    .dataframe tbody tr th {\n",
       "        vertical-align: top;\n",
       "    }\n",
       "\n",
       "    .dataframe thead th {\n",
       "        text-align: right;\n",
       "    }\n",
       "</style>\n",
       "<table border=\"1\" class=\"dataframe\">\n",
       "  <thead>\n",
       "    <tr style=\"text-align: right;\">\n",
       "      <th></th>\n",
       "      <th>X1</th>\n",
       "      <th>X2</th>\n",
       "      <th>X3</th>\n",
       "      <th>X4</th>\n",
       "      <th>X5</th>\n",
       "    </tr>\n",
       "  </thead>\n",
       "  <tbody>\n",
       "    <tr>\n",
       "      <th>0</th>\n",
       "      <td>11</td>\n",
       "      <td>7</td>\n",
       "      <td>10</td>\n",
       "      <td>10</td>\n",
       "      <td>8</td>\n",
       "    </tr>\n",
       "    <tr>\n",
       "      <th>1</th>\n",
       "      <td>9</td>\n",
       "      <td>10</td>\n",
       "      <td>10</td>\n",
       "      <td>8</td>\n",
       "      <td>6</td>\n",
       "    </tr>\n",
       "    <tr>\n",
       "      <th>2</th>\n",
       "      <td>9</td>\n",
       "      <td>2</td>\n",
       "      <td>12</td>\n",
       "      <td>14</td>\n",
       "      <td>11</td>\n",
       "    </tr>\n",
       "    <tr>\n",
       "      <th>3</th>\n",
       "      <td>9</td>\n",
       "      <td>11</td>\n",
       "      <td>8</td>\n",
       "      <td>10</td>\n",
       "      <td>3</td>\n",
       "    </tr>\n",
       "    <tr>\n",
       "      <th>4</th>\n",
       "      <td>7</td>\n",
       "      <td>9</td>\n",
       "      <td>10</td>\n",
       "      <td>11</td>\n",
       "      <td>14</td>\n",
       "    </tr>\n",
       "    <tr>\n",
       "      <th>5</th>\n",
       "      <td>9</td>\n",
       "      <td>11</td>\n",
       "      <td>9</td>\n",
       "      <td>6</td>\n",
       "      <td>9</td>\n",
       "    </tr>\n",
       "    <tr>\n",
       "      <th>6</th>\n",
       "      <td>16</td>\n",
       "      <td>20</td>\n",
       "      <td>22</td>\n",
       "      <td>19</td>\n",
       "      <td>16</td>\n",
       "    </tr>\n",
       "    <tr>\n",
       "      <th>7</th>\n",
       "      <td>23</td>\n",
       "      <td>18</td>\n",
       "      <td>21</td>\n",
       "      <td>24</td>\n",
       "      <td>16</td>\n",
       "    </tr>\n",
       "    <tr>\n",
       "      <th>8</th>\n",
       "      <td>15</td>\n",
       "      <td>21</td>\n",
       "      <td>14</td>\n",
       "      <td>21</td>\n",
       "      <td>21</td>\n",
       "    </tr>\n",
       "    <tr>\n",
       "      <th>9</th>\n",
       "      <td>19</td>\n",
       "      <td>20</td>\n",
       "      <td>15</td>\n",
       "      <td>17</td>\n",
       "      <td>17</td>\n",
       "    </tr>\n",
       "    <tr>\n",
       "      <th>10</th>\n",
       "      <td>20</td>\n",
       "      <td>24</td>\n",
       "      <td>21</td>\n",
       "      <td>20</td>\n",
       "      <td>19</td>\n",
       "    </tr>\n",
       "    <tr>\n",
       "      <th>11</th>\n",
       "      <td>22</td>\n",
       "      <td>19</td>\n",
       "      <td>27</td>\n",
       "      <td>22</td>\n",
       "      <td>19</td>\n",
       "    </tr>\n",
       "  </tbody>\n",
       "</table>\n",
       "</div>"
      ],
      "text/plain": [
       "    X1  X2  X3  X4  X5\n",
       "0   11   7  10  10   8\n",
       "1    9  10  10   8   6\n",
       "2    9   2  12  14  11\n",
       "3    9  11   8  10   3\n",
       "4    7   9  10  11  14\n",
       "5    9  11   9   6   9\n",
       "6   16  20  22  19  16\n",
       "7   23  18  21  24  16\n",
       "8   15  21  14  21  21\n",
       "9   19  20  15  17  17\n",
       "10  20  24  21  20  19\n",
       "11  22  19  27  22  19"
      ]
     },
     "metadata": {},
     "output_type": "display_data"
    },
    {
     "data": {
      "text/html": [
       "<div>\n",
       "<style scoped>\n",
       "    .dataframe tbody tr th:only-of-type {\n",
       "        vertical-align: middle;\n",
       "    }\n",
       "\n",
       "    .dataframe tbody tr th {\n",
       "        vertical-align: top;\n",
       "    }\n",
       "\n",
       "    .dataframe thead th {\n",
       "        text-align: right;\n",
       "    }\n",
       "</style>\n",
       "<table border=\"1\" class=\"dataframe\">\n",
       "  <thead>\n",
       "    <tr style=\"text-align: right;\">\n",
       "      <th></th>\n",
       "      <th>0</th>\n",
       "      <th>1</th>\n",
       "      <th>2</th>\n",
       "      <th>3</th>\n",
       "      <th>4</th>\n",
       "      <th>5</th>\n",
       "      <th>6</th>\n",
       "      <th>7</th>\n",
       "      <th>8</th>\n",
       "      <th>9</th>\n",
       "      <th>10</th>\n",
       "      <th>11</th>\n",
       "    </tr>\n",
       "  </thead>\n",
       "  <tbody>\n",
       "    <tr>\n",
       "      <th>0</th>\n",
       "      <td>0.000000</td>\n",
       "      <td>4.582576</td>\n",
       "      <td>7.615773</td>\n",
       "      <td>7.000000</td>\n",
       "      <td>7.549834</td>\n",
       "      <td>6.164414</td>\n",
       "      <td>21.977261</td>\n",
       "      <td>25.416530</td>\n",
       "      <td>22.759613</td>\n",
       "      <td>19.697716</td>\n",
       "      <td>26.683328</td>\n",
       "      <td>28.618176</td>\n",
       "    </tr>\n",
       "    <tr>\n",
       "      <th>1</th>\n",
       "      <td>4.582576</td>\n",
       "      <td>0.000000</td>\n",
       "      <td>11.357817</td>\n",
       "      <td>4.242641</td>\n",
       "      <td>8.831761</td>\n",
       "      <td>3.872983</td>\n",
       "      <td>22.671568</td>\n",
       "      <td>27.147744</td>\n",
       "      <td>23.811762</td>\n",
       "      <td>20.663978</td>\n",
       "      <td>27.404379</td>\n",
       "      <td>30.066593</td>\n",
       "    </tr>\n",
       "    <tr>\n",
       "      <th>2</th>\n",
       "      <td>7.615773</td>\n",
       "      <td>11.357817</td>\n",
       "      <td>0.000000</td>\n",
       "      <td>13.304135</td>\n",
       "      <td>8.660254</td>\n",
       "      <td>12.569805</td>\n",
       "      <td>22.869193</td>\n",
       "      <td>25.651511</td>\n",
       "      <td>23.452079</td>\n",
       "      <td>21.863211</td>\n",
       "      <td>28.035692</td>\n",
       "      <td>28.478062</td>\n",
       "    </tr>\n",
       "    <tr>\n",
       "      <th>3</th>\n",
       "      <td>7.000000</td>\n",
       "      <td>4.242641</td>\n",
       "      <td>13.304135</td>\n",
       "      <td>0.000000</td>\n",
       "      <td>11.575837</td>\n",
       "      <td>7.280110</td>\n",
       "      <td>24.000000</td>\n",
       "      <td>27.910571</td>\n",
       "      <td>24.839485</td>\n",
       "      <td>21.794495</td>\n",
       "      <td>28.548205</td>\n",
       "      <td>31.527766</td>\n",
       "    </tr>\n",
       "    <tr>\n",
       "      <th>4</th>\n",
       "      <td>7.549834</td>\n",
       "      <td>8.831761</td>\n",
       "      <td>8.660254</td>\n",
       "      <td>11.575837</td>\n",
       "      <td>0.000000</td>\n",
       "      <td>7.681146</td>\n",
       "      <td>20.346990</td>\n",
       "      <td>25.119713</td>\n",
       "      <td>19.313208</td>\n",
       "      <td>18.303005</td>\n",
       "      <td>24.919872</td>\n",
       "      <td>27.568098</td>\n",
       "    </tr>\n",
       "    <tr>\n",
       "      <th>5</th>\n",
       "      <td>6.164414</td>\n",
       "      <td>3.872983</td>\n",
       "      <td>12.569805</td>\n",
       "      <td>7.280110</td>\n",
       "      <td>7.681146</td>\n",
       "      <td>0.000000</td>\n",
       "      <td>22.737634</td>\n",
       "      <td>27.604347</td>\n",
       "      <td>23.021729</td>\n",
       "      <td>20.049938</td>\n",
       "      <td>27.018512</td>\n",
       "      <td>30.215890</td>\n",
       "    </tr>\n",
       "    <tr>\n",
       "      <th>6</th>\n",
       "      <td>21.977261</td>\n",
       "      <td>22.671568</td>\n",
       "      <td>22.869193</td>\n",
       "      <td>24.000000</td>\n",
       "      <td>20.346990</td>\n",
       "      <td>22.737634</td>\n",
       "      <td>0.000000</td>\n",
       "      <td>8.888194</td>\n",
       "      <td>9.746794</td>\n",
       "      <td>7.937254</td>\n",
       "      <td>6.557439</td>\n",
       "      <td>8.944272</td>\n",
       "    </tr>\n",
       "    <tr>\n",
       "      <th>7</th>\n",
       "      <td>25.416530</td>\n",
       "      <td>27.147744</td>\n",
       "      <td>25.651511</td>\n",
       "      <td>27.910571</td>\n",
       "      <td>25.119713</td>\n",
       "      <td>27.604347</td>\n",
       "      <td>8.888194</td>\n",
       "      <td>0.000000</td>\n",
       "      <td>12.489996</td>\n",
       "      <td>10.295630</td>\n",
       "      <td>8.366600</td>\n",
       "      <td>7.141428</td>\n",
       "    </tr>\n",
       "    <tr>\n",
       "      <th>8</th>\n",
       "      <td>22.759613</td>\n",
       "      <td>23.811762</td>\n",
       "      <td>23.452079</td>\n",
       "      <td>24.839485</td>\n",
       "      <td>19.313208</td>\n",
       "      <td>23.021729</td>\n",
       "      <td>9.746794</td>\n",
       "      <td>12.489996</td>\n",
       "      <td>0.000000</td>\n",
       "      <td>7.071068</td>\n",
       "      <td>9.380832</td>\n",
       "      <td>15.066519</td>\n",
       "    </tr>\n",
       "    <tr>\n",
       "      <th>9</th>\n",
       "      <td>19.697716</td>\n",
       "      <td>20.663978</td>\n",
       "      <td>21.863211</td>\n",
       "      <td>21.794495</td>\n",
       "      <td>18.303005</td>\n",
       "      <td>20.049938</td>\n",
       "      <td>7.937254</td>\n",
       "      <td>10.295630</td>\n",
       "      <td>7.071068</td>\n",
       "      <td>0.000000</td>\n",
       "      <td>8.124038</td>\n",
       "      <td>13.527749</td>\n",
       "    </tr>\n",
       "    <tr>\n",
       "      <th>10</th>\n",
       "      <td>26.683328</td>\n",
       "      <td>27.404379</td>\n",
       "      <td>28.035692</td>\n",
       "      <td>28.548205</td>\n",
       "      <td>24.919872</td>\n",
       "      <td>27.018512</td>\n",
       "      <td>6.557439</td>\n",
       "      <td>8.366600</td>\n",
       "      <td>9.380832</td>\n",
       "      <td>8.124038</td>\n",
       "      <td>0.000000</td>\n",
       "      <td>8.306624</td>\n",
       "    </tr>\n",
       "    <tr>\n",
       "      <th>11</th>\n",
       "      <td>28.618176</td>\n",
       "      <td>30.066593</td>\n",
       "      <td>28.478062</td>\n",
       "      <td>31.527766</td>\n",
       "      <td>27.568098</td>\n",
       "      <td>30.215890</td>\n",
       "      <td>8.944272</td>\n",
       "      <td>7.141428</td>\n",
       "      <td>15.066519</td>\n",
       "      <td>13.527749</td>\n",
       "      <td>8.306624</td>\n",
       "      <td>0.000000</td>\n",
       "    </tr>\n",
       "  </tbody>\n",
       "</table>\n",
       "</div>"
      ],
      "text/plain": [
       "           0          1          2          3          4          5   \\\n",
       "0    0.000000   4.582576   7.615773   7.000000   7.549834   6.164414   \n",
       "1    4.582576   0.000000  11.357817   4.242641   8.831761   3.872983   \n",
       "2    7.615773  11.357817   0.000000  13.304135   8.660254  12.569805   \n",
       "3    7.000000   4.242641  13.304135   0.000000  11.575837   7.280110   \n",
       "4    7.549834   8.831761   8.660254  11.575837   0.000000   7.681146   \n",
       "5    6.164414   3.872983  12.569805   7.280110   7.681146   0.000000   \n",
       "6   21.977261  22.671568  22.869193  24.000000  20.346990  22.737634   \n",
       "7   25.416530  27.147744  25.651511  27.910571  25.119713  27.604347   \n",
       "8   22.759613  23.811762  23.452079  24.839485  19.313208  23.021729   \n",
       "9   19.697716  20.663978  21.863211  21.794495  18.303005  20.049938   \n",
       "10  26.683328  27.404379  28.035692  28.548205  24.919872  27.018512   \n",
       "11  28.618176  30.066593  28.478062  31.527766  27.568098  30.215890   \n",
       "\n",
       "           6          7          8          9          10         11  \n",
       "0   21.977261  25.416530  22.759613  19.697716  26.683328  28.618176  \n",
       "1   22.671568  27.147744  23.811762  20.663978  27.404379  30.066593  \n",
       "2   22.869193  25.651511  23.452079  21.863211  28.035692  28.478062  \n",
       "3   24.000000  27.910571  24.839485  21.794495  28.548205  31.527766  \n",
       "4   20.346990  25.119713  19.313208  18.303005  24.919872  27.568098  \n",
       "5   22.737634  27.604347  23.021729  20.049938  27.018512  30.215890  \n",
       "6    0.000000   8.888194   9.746794   7.937254   6.557439   8.944272  \n",
       "7    8.888194   0.000000  12.489996  10.295630   8.366600   7.141428  \n",
       "8    9.746794  12.489996   0.000000   7.071068   9.380832  15.066519  \n",
       "9    7.937254  10.295630   7.071068   0.000000   8.124038  13.527749  \n",
       "10   6.557439   8.366600   9.380832   8.124038   0.000000   8.306624  \n",
       "11   8.944272   7.141428  15.066519  13.527749   8.306624   0.000000  "
      ]
     },
     "metadata": {},
     "output_type": "display_data"
    },
    {
     "name": "stdout",
     "output_type": "stream",
     "text": [
      "3.872983346207417\n",
      "столбец:  1 \n",
      " строка:  5\n",
      "столбец:  5 \n",
      " строка:  1\n"
     ]
    }
   ],
   "source": [
    "import pandas as pd\n",
    "from scipy.cluster.hierarchy import linkage, fcluster, dendrogram\n",
    "df = pd.read_csv('https://stepic.org/media/attachments/course/524/test_data_hclust.csv')\n",
    "display(df)\n",
    "\n",
    "from scipy.spatial.distance import pdist, squareform\n",
    "# матрица эвклидовых расстояний\n",
    "distances = squareform(pdist(df.values, metric='euclidean'))\n",
    "md=pd.DataFrame(distances)\n",
    "display(md)\n",
    "\n",
    "#print(md[0].loc[md.index[4]]) # это локализовать значение из dataframe столбца 0 строки 4\n",
    "\n",
    "M=[]\n",
    "# создаем цикл по определению минимального значения\n",
    "for i in md:\n",
    "    # локализуем ВТОРОЕ наименьшее значение в каждом столбце i (первое наименьшее - это 0)\n",
    "    minimal=md[i].nsmallest(2).iloc[[-1]] # исключаем из результатов 1 строку - там записан 0\n",
    "    minimal=minimal.loc[minimal.index[0]] # убираем номер строки, он мешает записать результаты всех столбцов (перезаписываем число)\n",
    "    M.append(minimal) # записываем результаты наименьших в массив M\n",
    "print(min(M)) # выводим наименьшее значение из вторых наименьших\n",
    "\n",
    "# найдем номер строки и столбца, в котором сидит это наименьшее число (это будет первый кластер)\n",
    "for i in md: # пробежать все столбцы\n",
    "    for j in md: # пробежать все строки\n",
    "        if md[i].loc[md.index[j]]==min(M): #если значение в i-столбце j-строке равно минимальному - то:\n",
    "            print('столбец: ',i,'\\n', 'строка: ', j) # вывести значение столбца и строки\n",
    "            \n"
   ]
  },
  {
   "cell_type": "code",
   "execution_count": null,
   "id": "4c2c90b3",
   "metadata": {},
   "outputs": [],
   "source": []
  }
 ],
 "metadata": {
  "kernelspec": {
   "display_name": "Python 3 (ipykernel)",
   "language": "python",
   "name": "python3"
  },
  "language_info": {
   "codemirror_mode": {
    "name": "ipython",
    "version": 3
   },
   "file_extension": ".py",
   "mimetype": "text/x-python",
   "name": "python",
   "nbconvert_exporter": "python",
   "pygments_lexer": "ipython3",
   "version": "3.10.7"
  }
 },
 "nbformat": 4,
 "nbformat_minor": 5
}
